x0, y0, h, N : 0, 1, 0.1, 3 
x1=0.1     y1=1.11689
x2=0.2     y2=1.27739
x3=0.3     y3=1.50412
